20,81.693
20.290906698750476,81.72112107461612
20.586044732869844,81.74393009975303
20.885475648548283,81.76403170990322
21.189261887185914,81.78331985845558
21.49746679841394,81.79865501407807
21.810154653305165,81.81015233403791
22.12739065777668,81.81236304671113
22.449240966187475,81.81017931996581
22.77577269513385,81.806
23.107053937445478,81.80885478118114
23.44315377638505,81.82306643894958
23.784142300054445,81.84911245125475
24.130090616010463,81.87970819446825
24.481070866093134,81.90858032205537
24.837156241469714,81.93277215625713
25.1984209978975,81.95192104989488
25.56494047120865,81.97065939638695
25.936791093020236,81.99018154897583
26.3140504066728,82.00742149360516
26.69679708340074,82.0115240218745
27.08511093873791,82.00012744950915
27.47907294916184,81.97167418825252
27.878765268980047,81.9396987784816
28.284271247461966,81.91862915010152
28.695675446220072,81.91547891249417
29.11306365684382,81.93394960180227
29.536522918790062,81.97238275025481
29.966141537533712,82.02393698450405
30.402009102982383,82.07416072770283
30.844216508158908,82.10088431737397
31.29285596815558,82.09394650199027
31.74802103936409,82.04974934904013
32.20980663898519,81.99408204315569
32.67830906482211,81.9577904368332
33.153626015361866,81.96644084544401
33.63585661014871,82.01747649898022
34.125101410453844,82.07976034386628
34.62146244024586,82.12237264784885
35.12504320746613,82.1352497407552
35.635948725613716,82.13164051274386
36.15428553564419,82.12676571571484
36.68016172818701,82.12183805926175
37.21368696608603,82.11073464315307
37.754972507267915,82.08679440917449
38.30413122794313,82.05512740495575
38.86127764614443,82.01972658125491
39.4265279456077,81.98722464840837
40.000000000000206,81.95599999999999
40.58181339750116,81.9240001564713
41.1720894657399,81.88962816469102
41.77095129709678,81.8527912809833
42.37852377437204,81.81546210034273
42.9949335968281,81.77665410104788
43.62030930661056,81.73531275299554
44.25478131555359,81.69433560209212
44.89848193237519,81.65675270967444
45.55154539026795,81.6242327320012
46.21410787489121,81.6016943500252
46.88630755277036,81.58702723589776
47.56828460010916,81.5702686198976
48.260181232021196,81.54150954654277
48.962141732186545,81.49765017496098
49.674312482939705,81.44688383086385
50.39684199579528,81.39770129114467
51.129880942417586,81.35833348190916
51.873582186040764,81.33552836695294
52.628100813345895,81.3236487456441
53.393594166801776,81.30719216023616
54.17022187747612,81.27331554815419
54.95814589832399,81.21996635331543
55.75753053796041,81.16645744752682
56.56854249492426,81.12882684269795
57.39135089244048,81.09282380627042
58.226127313687975,81.04558819684603
59.073045837580466,80.98081374553179
59.932283075067765,80.9198079016702
60.804018205965114,80.86673013941358
61.68843301631817,80.80546375950722
62.58571193631152,80.73369666870475
63.49604207872855,80.65485225499316
64.41961327797075,80.57391325809452
65.35661812964459,80.49618378588772
66.3072520307241,80.42541411394149
67.27171322029778,80.35970836135887
68.25020282090806,80.28648255740191
69.2429248804921,80.20013676075571
70.25008641493265,80.11024248190087
71.27189745122783,80.02134492174318
72.30857107128878,79.93208003001173
73.36032345637442,79.84409315312092
74.42737393217246,79.75296372003665
75.50994501453623,79.65185528154214
76.60826245588666,79.54568594563383
77.72255529228926,79.44453800967113
78.85305589121582,79.35588839065176
80.00000000000082,79.26699999999992
81.16362679500274,79.16324301805314
82.34417893148023,79.0359005538151
83.541902594194,78.88675882206272
84.75704754874454,78.72798881938735
85.98986719365665,78.57226629145865
87.24061861322157,78.42112569458489
88.50956263110764,78.26783335900487
89.79696386475084,78.1107704085004
91.10309078053635,77.95638650925325
92.42821574978288,77.80139321604105
93.77261510554118,77.64028653975073
95.13656920021877,77.4629940721214
96.52036246404286,77.26645242248176
97.92428346437356,77.05044117350089
99.34862496587989,76.82550619658254
100.79368399159105,76.61447160916043
102.25976188483567,76.4232960342036
103.74716437208203,76.24447515573445
105.25620162669229,76.066326167238
106.78718833360406,75.87566551663147
108.34044375495276,75.65693343675709
109.9162917966485,75.40623898147882
111.51506107592134,75.13417142157734
113.13708498984903,74.85480073540802
114.78270178488147,74.58376780133847
116.45225462737648,74.32918115892141
118.14609167516147,74.0634453418635
119.86456615013608,73.77460921754191
121.60803641193078,73.48395387323164
123.3768660326369,73.18952210934349
125.17142387262359,72.88582939841824
126.99208415745765,72.56080040281785
128.83922655594208,72.20927181601937
130.71323625928977,71.8414304828194
132.61450406144883,71.45910491131082
134.5434264405962,71.08306292408133
136.50040564181674,70.84124939153727
138.48584976098482,70.88296940336913
140.50017282986593,70.98382083197303
142.5437949024563,70.83599883538899
144.61714214257822,70.52727726469041
146.7206469127495,70.31264784797335
148.8547478643456,70.20977655552701
151.01989002907314,70.14573169502314
153.216524911774,70.07278459285853
155.4451105845792,70.00680996524375
157.70611178243232,69.96718621631459
160.00000000000236,69.94699999999999
162.3272535900062,69.93955278851197
164.6883578629612,69.9276205391126
167.08380518838874,69.92516647792465
169.51409509748981,69.95561424548184
171.97973438731407,70.0033865815012
174.4812372264439,70.03935983649849
177.01912526221608,70.05649945136352
179.5939277295025,70.0615127132754
182.20618156107355,70.06111752737557
184.85643149956664,70.06288514519966
187.54523021108326,70.08286842005279
190.27313840043846,70.13863117345385
193.04072492808663,70.23171044697963
195.84856692874806,70.35031866455041
198.69724993176072,70.4545229980893
201.58736798318304,70.50846104781502
204.5195237696723,70.5366626980806
207.49432874416505,70.57041871199971
210.5124032533856,70.6136777799652
213.57437666720915,70.64444626000326
216.68088750990657,70.63091467494057
219.83258359329807,70.60192528867707
223.03012215184378,70.57424396170933
226.2741699796992,70.56220971670051
229.5654035697641,70.56869621070929
232.90450925475412,70.57677718826109
236.2921833503241,70.578
239.72913230027333,70.578
243.21607282386276,70.56810936279119
246.75373206527502,70.53715484442884
250.34284774524843,70.48885728382128
253.9841683149166,70.43423747527625
257.67845311188546,70.38066242987766
261.42647251858085,70.32974262099916
265.22900812289896,70.28185113831013
269.08685288119375,70.2287261577425
273.0008112836349,70.17248904767094
276.97169952197106,70.12082545549734
281.00034565973334,70.0769968890624
285.0875898049141,70.04031679952166
289.23428428515797,70.00797258257576
293.44129382550057,69.9751579081611
297.7094957286928,69.94240783246192
302.0397800581479,69.91021159457843
306.4330498235497,69.87896865123516
310.89022116916016,69.84387823064672
315.41222356486645,69.79779531963837
320.00000000000654,69.75099999999995
324.6545071800142,69.70631673107187
329.3767157259242,69.66448490161187
334.16761037677935,69.63316081566397
339.02819019498156,69.60947032510309
343.95946877463007,69.58837023114656
348.9624744528898,69.56181014306381
354.03825052443415,69.52288634569965
359.187855459007,69.48317229851155
364.4123631221491,69.45229076651596
369.71286299913527,69.42732083020398
375.0904604221685,69.40561231247642
380.54627680087896,69.38223024228195
386.08144985617537,69.36049049054654
391.6971338574982,69.347605732285
397.3944998635236,69.33716880021836
403.1747359663683,69.32717965072833
409.0390475393468,69.31338936530518
414.9886574883323,69.29404158920946
421.0248065067734,69.27349346526442
427.1487533344206,69.25885124666557
433.3617750198154,69.25578725833994
439.6651671865984,69.2566192618305
446.06024430368984,69.25393975569631
452.54833995940066,69.24694199204872
459.13080713953053,69.23927907755483
465.8090185095106,69.23282581790873
472.58436670065066,69.229035271414
479.45826460054917,69.22354173539945
486.432145647728,69.21036285044545
493.50746413055253,69.1885479698754
500.6856954904994,69.16980003289163
507.9683366298358,69.15705541089778
515.3569062237735,69.13882730812189
522.8529450371643,69.11412131049957
530.4580162458005,69.08879770735477
538.1737057623901,69.0686029582574
546.0016225672724,69.05071057698909
553.9433990439449,69.03335612679261
562.0006913194694,69.01799861736106
570.1751796098309,69.00138687136558
578.4685685703187,68.97236001000388
586.8825876510039,68.93534009680539
595.4189914573883,68.8987821350247
604.0795601162986,68.86317181452026
612.8660996471021,68.8212791875796
621.780442338323,68.76544280749101
630.8244471297356,68.69632197824914
640.0000000000159,68.62199999999987
649.3090143600314,68.55125149086376
658.7534314518515,68.48209995040149
668.3352207535618,68.40548471189615
678.0563803899662,68.3211038525683
687.9189375492632,68.22956198703692
697.9249489057827,68.13471298539505
708.0765010488715,68.0398885402455
718.3757109180171,67.94661860173785
728.8247262443015,67.85257746380128
739.425725998274,67.76188132901467
750.1809208443404,67.6776129401934
761.0925536017613,67.59395708905316
772.1628997123541,67.51195089443185
783.3942677149998,67.4419258195123
794.7889997270506,67.38501525120553
806.34947193274,67.33342737630267
818.0780950786972,67.28041479925822
829.9773149766683,67.23215370315589
842.0496130135506,67.19960051598193
854.2975066688449,67.19186500444589
866.7235500396347,67.20826385009451
879.3303343732008,67.24358920374351
892.1204886073838,67.29533014987248
905.0966799188055,67.35548339959402
918.2616142790653,67.42853301094809
931.6180370190256,67.51734441867457
945.1687334013056,67.61855768386012
958.9165292011028,67.72733223360882
972.8642912954606,67.83807861564866
987.0149282611097,67.94742252508546
1001.3713909810035,68.05751399752103
1015.9366732596762,68.1692436065415
1030.7138124475518,68.28340457996003
1045.7058900743334,68.39636770303892
1060.916032491606,68.50610688327737
1076.3474115247852,68.60853360632363
1092.0032451345498,68.70777068773275
1107.8867980878947,68.80885987369534
1124.0013826389438,68.90767450162069
1140.350359219667,68.99816420629341
1156.9371371406426,69.07048725090063
1173.765175302013,69.13329552590604
1190.837982914782,69.17951180278368
1208.1591202326028,69.22370624632903
1225.73219929421,69.27137771226917
1243.5608846766518,69.3223981112881
1261.648894259477,69.3751700898278
1280.0000000000375,69.43200000000013
1298.6180287200684,69.49583324132595
1317.5068629037087,69.55952058871112
1336.6704415071292,69.6070090596171
1356.112760779938,69.64239169332589
1375.8378750985323,69.67117302513795
1395.8498978115715,69.69443488759273
1416.153002097749,69.7119224016782
1436.7514218360407,69.72907627965243
1457.6494524886093,69.74895543058815
1478.8514519965543,69.77100551007642
1500.3618416886875,69.79331842068605
1522.1851072035295,69.81252289433911
1544.3257994247153,69.82659547965483
1566.788535430007,69.8441023697612
1589.5779994541087,69.86557799945412
1612.6989438654878,69.88819098611087
1636.156190157402,69.91070994255111
1659.9546299533442,69.93355644475521
1684.099226027109,69.95600731890386
1708.5950133376978,69.97997021547172
1733.4471000792773,70.01352901213636
1758.6606687464096,70.06139989799196
1784.2409772147755,70.12054798440406
1810.193359837619,70.18101765724926
1836.5232285581387,70.23328088226232
1863.2360740380593,70.27711883253785
1890.3374668026197,70.32076694422841
1917.833058402214,70.3748060838127
1945.7285825909298,70.44057774152186
1974.0298565222283,70.50963284991424
2002.7427819620161,70.57940551129745
2031.8733465193618,70.65943182304981
2061.4276248951132,70.76199602455948
2091.411780148677,70.88854124802221
2121.832064983222,71.02979391191947
2152.694823049581,71.18174359755287
2184.0064902691106,71.34203407391283
2215.7735961758003,71.5060510005922
2248.002765277899,71.66661299680612
2280.7007184393456,71.81636977990382
2313.874274281297,71.9531847180783
2347.530350604038,72.07460319205373
2381.6759658295764,72.18798878809187
2416.318240465218,72.30402595893058
2451.4643985884327,72.42934505484777
2487.1217693533167,72.56092127225239
2523.2977885189675,72.69461937280721
2560.0000000000887,72.82350000000031
2597.236057440151,72.94227727088446
2635.0137258074315,73.05003660215316
2673.340883014273,73.14660164130962
2712.225521559891,73.23441444599443
2751.6757501970797,73.30722445659983
2791.699795623158,73.36796470365357
2832.3060041955137,73.42458228578981
2873.502843672097,73.48566443612847
2915.2989049772345,73.55209020416267
2957.7029039931244,73.621324646389
3000.723683377391,73.68995888047503
3044.370214407075,73.74651588822064
3088.6515988494466,73.7846572492809
3133.57707086003,73.801536560629
3179.1559989082334,73.79233760043671
3225.3978877309914,73.76063394328749
3272.3123803148205,73.70720891516555
3319.9092599067053,73.63435788776233
3368.198452054235,73.54523912685043
3417.190026675413,73.44283814078058
3466.8942001585724,73.33148122363846
3517.3213374928373,73.2168537772662
3568.4819544295697,73.10270933934355
3620.386719675257,72.98955695110794
3673.0464571162966,72.8696885029209
3726.472148076138,72.72876021354072
3780.6749336052594,72.55539058573046
3835.6661168044484,72.35984211147091
3891.45716518188,72.13761169167132
3948.059713044477,71.89917345880015
4005.4855639240527,71.63894925808016
4063.746693038744,71.3738892199334
4122.855249790247,71.12176868825162
4182.823560297375,70.9102234552863
4243.664129966465,70.76420608808048
4305.389646099183,70.7074577654256
4368.012980538242,70.77264869363692
4431.5471923516225,70.98513969960054
4496.00553055582,71.31642986500142
4561.401436878714,71.76111681930549
4627.748548562617,72.27844209554576
4695.060701208099,72.83886443152483
4763.351931659176,73.40424322763087
4832.63648093046,73.94775177002957
4902.928797176889,74.43885964997922
4974.243538706657,74.87419309111218
5046.595577037959,75.22360298368
5120.000000000202,75.49614285714348
5194.472114880326,75.67767359790693
5270.027451614888,75.7636445592756
5346.6817660285715,75.75932502868429
5424.451043119808,75.67241839061515
5503.351500394186,75.5125780419674
5583.399591246343,75.30144361896313
5664.612008391055,75.0660406953303
5747.005687344222,74.83602475791749
5830.597809954497,74.63158046769283
5915.405807986278,74.47089679809702
6001.447366754812,74.36518585620041
6088.740428814181,74.3205005469249
6177.303197698925,74.3263610963539
6267.154141720092,74.37400789920406
6358.3119978165005,74.45997695764181
6450.795775462017,74.5781459166653
6544.624760629676,74.72709333110193
6639.818519813445,74.9048315952213
6736.396904108505,75.11180478657282
6834.380053350861,75.35316994458084
6933.788400317181,75.6425017210467
7034.642674985712,75.99853141969328
7136.963908859177,76.43136073254954
7240.773439350552,76.95043844764103
7346.092914232631,77.56077606824232
7452.944296152315,78.25237399902812
7561.349867210557,78.99331408375284
7671.332233608935,79.71547012170448
7782.914330363799,80.33391050861184
7896.119426088994,80.73226867000118
8010.971127848146,80.75424103498929
8127.49338607753,80.32291488728126
8245.710499580537,79.43810526083183
8365.647120594791,78.18014052169522
8487.328259932974,76.72127843531604
8610.77929219841,75.20349154519126
8736.025961076528,73.78247666940682
8863.094384703289,72.55817323778469
8992.011061111683,71.56551482944005
9122.802873757471,70.78761088766623
9255.497097125279,70.15670076526132
9390.121402416245,69.58826135527461
9526.7038633184,69.04207746525256
9665.272961860968,68.51218654821997
9805.857594353829,68.01609961243508
9948.487077413367,67.58080690888768
10093.19115407597,67.2350858328354
10240.000000000457,66.9727999999993
10388.944229760706,66.78406729504381
10540.05490322983,66.6595869108843
10693.363532057198,66.58750124619465
10848.902086239672,66.57361543069118
11006.703000788428,66.63201907541392
11166.799182492743,66.77290199292091
11329.224016782166,67.0025539363776
11494.0113746885,67.27186924218138
11661.195619909053,67.50913928259912
11830.811615972614,67.62099518857607
12002.894733509682,67.4813431201133
12177.48085762842,67.11024934355572
12354.606395397908,66.40380668584206
12534.308283440243,65.54347993209791
12716.62399563306,64.56245634395995
12901.591550924093,63.583109689824234
13089.249521259411,62.61908388793023
13279.637039626952,61.78495384219147
13472.793808217073,61.20715495945578
13668.760106701786,61.064512128042146
13867.576800634426,61.52305464682637
14069.285349971487,62.60746644762985
14273.927817718419,64.06793152578379
14481.54687870117,65.65463416917953
14692.18582846533,67.06850144112661
14905.888592304698,68.09949654398754
15122.699734421185,68.55480386189902
15342.664467217943,68.25553134129244
15565.828660727671,67.09704818453348
15792.238852178061,65.12230396377996
16021.942255696367,62.54053041252454
16254.986772155136,59.65893931616354
16491.42099916115,56.811325486103115
16731.294241189662,54.277560113579035
16974.65651986603,52.20377011999947
17221.558584396902,50.59263598094916
17472.051922153143,49.34182152753324
17726.188769406665,48.38186336920449
17984.022122223458,47.69871163257463
18245.605747515034,47.27976714882685
18510.99419425065,47.06173236592351
18780.242804832582,46.82429672837943
19053.40772663689,46.152061006647685
19330.545923722028,44.52282793317747
19611.71518870775,41.75899753249978
19896.974154826825,38.70095586721443
20186.382308152035,37.681