20	108.132927
20.290906698750476	108.132927
20.586044732869844	108.14867662555307
20.885475648548283	108.15976875103699
21.189261887185914	108.17710295223453
21.49746679841394	108.20985801720471
21.810154653305165	108.25278822970662
22.12739065777668	108.30479080610797
22.449240966187475	108.35562383346651
22.77577269513385	108.39274678528048
23.107053937445478	108.41093911810009
23.44315377638505	108.41066400964199
23.784142300054445	108.39891168363168
24.130090616010463	108.3860495732692
24.481070866093134	108.38203885232278
24.837156241469714	108.3878963117324
25.1984209978975	108.4039287905887
25.56494047120865	108.42293610124075
25.936791093020236	108.44122127920673
26.3140504066728	108.45752906599243
26.69679708340074	108.47347020789141
27.08511093873791	108.49058086094269
27.47907294916184	108.5081620341743
27.878765268980047	108.5232126974054
28.284271247461966	108.53280090406709
28.695675446220072	108.53852997967859
29.11306365684382	108.54259944027034
29.536522918790062	108.54873628889735
29.966141537533712	108.56084380081077
30.402009102982383	108.5772857474781
30.844216508158908	108.5928609947634
31.29285596815558	108.60265028923126
31.74802103936409	108.60400189214718
32.20980663898519	108.60059715570476
32.67830906482211	108.59729700334493
33.153626015361866	108.59844441475494
33.63585661014871	108.60372783790618
34.125101410453844	108.60895029011208
34.62146244024586	108.61056147821465
35.12504320746613	108.6084289282772
35.635948725613716	108.60463288271262
36.15428553564419	108.60119756657855
36.68016172818701	108.59921728376825
37.21368696608603	108.59832867348032
37.754972507267915	108.59561604625569
38.30413122794313	108.59002174764568
38.86127764614443	108.58247945765174
39.4265279456077	108.57816659247575
40.000000000000206	108.581551
40.58181339750116	108.58539776906903
41.1720894657399	108.57903623610198
41.77095129709678	108.56441098627421
42.37852377437204	108.55252244658205
42.9949335968281	108.5457798505497
43.62030930661056	108.53885117653645
44.25478131555359	108.52743657142462
44.89848193237519	108.51518711001607
45.55154539026795	108.50253254961032
46.21410787489121	108.48692490714357
46.88630755277036	108.47111881448168
47.56828460010916	108.4584682273239
48.260181232021196	108.44541335396374
48.962141732186545	108.43369541419959
49.674312482939705	108.42287753314586
50.39684199579528	108.3997311783089
51.129880942417586	108.3725135809082
51.873582186040764	108.35927245342616
52.628100813345895	108.3416186462494
53.393594166801776	108.30629948700887
54.17022187747612	108.28086043443037
54.95814589832399	108.27049353863826
55.75753053796041	108.23975170496422
56.56854249492426	108.23239982628151
57.39135089244048	108.23555537743404
58.226127313687975	108.23059005055161
59.073045837580466	108.21481653759314
59.932283075067765	108.22185712751711
60.804018205965114	108.18142175262781
61.68843301631817	108.1390752078189
62.58571193631152	108.11460153994796
63.49604207872855	108.0821858284638
64.41961327797075	108.05670945994744
65.35661812964459	108.03191693039444
66.3072520307241	107.9926246352467
67.27171322029778	107.96649158960521
68.25020282090806	107.94942716445158
69.2429248804921	107.91795837206988
70.25008641493265	107.89737581801816
71.27189745122783	107.88504443600539
72.30857107128878	107.87829852239246
73.36032345637442	107.84044434225767
74.42737393217246	107.79199050787079
75.50994501453623	107.76839017601372
76.60826245588666	107.73889308915436
77.72255529228926	107.69966777702147
78.85305589121582	107.65688917323455
80.00000000000082	107.62171899999997
81.16362679500274	107.58540890477569
82.34417893148023	107.54823499274517
83.541902594194	107.51022823535482
84.75704754874454	107.47296826962555
85.98986719365665	107.43448269588993
87.24061861322157	107.39874166206981
88.50956263110764	107.35291055371944
89.79696386475084	107.30842311668967
91.10309078053635	107.26683880624445
92.42821574978288	107.22554118467114
93.77261510554118	107.18192063120489
95.13656920021877	107.13951513650068
96.52036246404286	107.09759642303815
97.92428346437356	107.0524333051739
99.34862496587989	107.00885149025231
100.79368399159105	106.96281411634416
102.25976188483567	106.91337515827497
103.74716437208203	106.86837615271669
105.25620162669229	106.81834100719566
106.78718833360406	106.77078811825542
108.34044375495276	106.72494599656855
109.9162917966485	106.6755989688367
111.51506107592134	106.62645793101161
113.13708498984903	106.57705233078809
114.78270178488147	106.52486256416725
116.45225462737648	106.47491715497094
118.14609167516147	106.4256719340193
119.86456615013608	106.36793841771869
121.60803641193078	106.31631353274523
123.3768660326369	106.2643488739048
125.17142387262359	106.21019031214524
126.99208415745765	106.1564143596279
128.83922655594208	106.1044703459454
130.71323625928977	106.05245961607004
132.61450406144883	105.9995184569453
134.5434264405962	105.94583138476568
136.50040564181674	105.89126980915356
138.48584976098482	105.83720544621963
140.50017282986593	105.78351778479906
142.5437949024563	105.72579227332196
144.61714214257822	105.66998300468062
146.7206469127495	105.61700924003449
148.8547478643456	105.56114493609694
151.01989002907314	105.50459363711487
153.216524911774	105.44896106884438
155.4451105845792	105.39193790705689
157.70611178243232	105.33392589412439
160.00000000000236	105.27664199999994
162.3272535900062	105.21809109237975
164.6883578629612	105.16023177216229
167.08380518838874	105.09942812398195
169.51409509748981	105.04019944019326
171.97973438731407	104.98071943089673
174.4812372264439	104.9240145621817
177.01912526221608	104.86652839973596
179.5939277295025	104.80849521507912
182.20618156107355	104.75828554675068
184.85643149956664	104.70162105438563
187.54523021108326	104.64404000597385
190.27313840043846	104.58912204980203
193.04072492808663	104.52971311791298
195.84856692874806	104.47118145468528
198.69724993176072	104.41182037260278
201.58736798318304	104.35345137713466
204.5195237696723	104.29480415683258
207.49432874416505	104.23493580038051
210.5124032533856	104.17490454894255
213.57437666720915	104.11677053123336
216.68088750990657	104.05798767954606
219.83258359329807	103.99795280279065
223.03012215184378	103.94016528919023
226.2741699796992	103.8822645963842
229.5654035697641	103.82311889038596
232.90450925475412	103.76691039836207
236.2921833503241	103.70904723537656
239.72913230027333	103.65289350419505
243.21607282386276	103.5937418312024
246.75373206527502	103.53589491170165
250.34284774524843	103.4792104387896
253.9841683149166	103.4198978783604
257.67845311188546	103.36182023476083
261.42647251858085	103.30389381580204
265.22900812289896	103.24657985163333
269.08685288119375	103.19019547074325
273.0008112836349	103.13200014811375
276.97169952197106	103.07648219261684
281.00034565973334	103.02107524828351
285.0875898049141	102.96731827624288
289.23428428515797	102.91577569319234
293.44129382550057	102.86554680578556
297.7094957286928	102.82001041701564
302.0397800581479	102.77025131542452
306.4330498235497	102.71728262075328
310.89022116916016	102.66810999426403
315.41222356486645	102.61720035278408
320.00000000000654	102.56520799999993
324.6545071800142	102.51189899836587
329.3767157259242	102.45758088282807
334.16761037677935	102.40361757125575
339.02819019498156	102.35132021358895
343.95946877463007	102.29731911084728
348.9624744528898	102.24369027182125
354.03825052443415	102.19010318482445
359.187855459007	102.13842061084901
364.4123631221491	102.08478946625658
369.71286299913527	102.03087689997798
375.0904604221685	101.97929965553821
380.54627680087896	101.93042645241773
386.08144985617537	101.8810774637001
391.6971338574982	101.83334332579388
397.3944998635236	101.78779189731083
403.1747359663683	101.74696929014802
409.0390475393468	101.70818276591166
414.9886574883323	101.66961378681923
421.0248065067734	101.63323373119611
427.1487533344206	101.59994362883211
433.3617750198154	101.56909291342245
439.6651671865984	101.54368475474497
446.06024430368984	101.52373915973953
452.54833995940066	101.50493575284766
459.13080713953053	101.48065219845499
465.8090185095106	101.45044156615882
472.58436670065066	101.41368832814132
479.45826460054917	101.37361586571255
486.432145647728	101.33179679601206
493.50746413055253	101.28980669720008
500.6856954904994	101.24745873649356
507.9683366298358	101.20564181107149
515.3569062237735	101.1656039270475
522.8529450371643	101.12432890671735
530.4580162458005	101.08540925833391
538.1737057623901	101.04588031306764
546.0016225672724	101.0094019274248
553.9433990439449	100.97173937233161
562.0006913194694	100.93621771519554
570.1751796098309	100.89751814417271
578.4685685703187	100.86481150612923
586.8825876510039	100.83150387598549
595.4189914573883	100.79796420150247
604.0795601162986	100.76395660550617
612.8660996471021	100.730854950036
621.780442338323	100.6988228319287
630.8244471297356	100.66806233513532
640.0000000000159	100.63777199999996
649.3090143600314	100.6097956191438
658.7534314518515	100.57555013941445
668.3352207535618	100.55300993336438
678.0563803899662	100.52933038730743
687.9189375492632	100.50403155188526
697.9249489057827	100.48023387127873
708.0765010488715	100.45600055267936
718.3757109180171	100.43466761914746
728.8247262443015	100.41289860477747
739.425725998274	100.3935240752769
750.1809208443404	100.37473537175833
761.0925536017613	100.35787053402902
772.1628997123541	100.34356111736531
783.3942677149998	100.33023808369893
794.7889997270506	100.31676046332744
806.34947193274	100.30587864759305
818.0780950786972	100.29824065313254
829.9773149766683	100.29246499022022
842.0496130135506	100.28948072504481
854.2975066688449	100.29028591664944
866.7235500396347	100.29620202068365
879.3303343732008	100.30781928836872
892.1204886073838	100.31537789302021
905.0966799188055	100.33604925151134
918.2616142790653	100.37694216768604
931.6180370190256	100.40825592771148
945.1687334013056	100.44216353921826
958.9165292011028	100.48068715732684
972.8642912954606	100.52118438772389
987.0149282611097	100.56540565781013
1001.3713909810035	100.61288085225046
1015.9366732596762	100.66356980482027
1030.7138124475518	100.71636863867664
1045.7058900743334	100.77330984647038
1060.916032491606	100.83298887028286
1076.3474115247852	100.89366869786865
1092.0032451345498	100.95579574390852
1107.8867980878947	101.017736229986
1124.0013826389438	101.08178979936596
1140.350359219667	101.14522113229737
1156.9371371406426	101.20250786587803
1173.765175302013	101.26025708995967
1190.837982914782	101.31067574111529
1208.1591202326028	101.35952549703312
1225.73219929421	101.40228611925718
1243.5608846766518	101.44234995921462
1261.648894259477	101.47458271686871
1280.0000000000375	101.49848900000003
1298.6180287200684	101.51311585530617
1317.5068629037087	101.52627278511618
1336.6704415071292	101.53338121170887
1356.112760779938	101.53120966592292
1375.8378750985323	101.52423724506193
1395.8498978115715	101.51201194595092
1416.153002097749	101.4959962300811
1436.7514218360407	101.47790229144597
1457.6494524886093	101.45658623795303
1478.8514519965543	101.43452030198767
1500.3618416886875	101.41354270701908
1522.1851072035295	101.39048599053733
1544.3257994247153	101.3720660480678
1566.788535430007	101.35842154067568
1589.5779994541087	101.34987716271311
1612.6989438654878	101.34718664465161
1636.156190157402	101.35292405043297
1659.9546299533442	101.3687470580699
1684.099226027109	101.39443943747057
1708.5950133376978	101.43013726014178
1733.4471000792773	101.47796777395669
1758.6606687464096	101.54180228936161
1784.2409772147755	101.62013150538246
1810.193359837619	101.71493895962116
1836.5232285581387	101.8250558029752
1863.2360740380593	101.9524485542729
1890.3374668026197	102.09906054922519
1917.833058402214	102.26563948344007
1945.7285825909298	102.45245324278851
1974.0298565222283	102.65932594119596
2002.7427819620161	102.88939621096353
2031.8733465193618	103.14129232269181
2061.4276248951132	103.42015103938651
2091.411780148677	103.72154589452767
2121.832064983222	104.04772470031317
2152.694823049581	104.40193522834672
2184.0064902691106	104.77644800754517
2215.7735961758003	105.18342285534801
2248.002765277899	105.61029952004971
2280.7007184393456	106.06090447779499
2313.874274281297	106.53164222974381
2347.530350604038	107.01755990547495
2381.6759658295764	107.51225022550106
2416.318240465218	108.00741262333379
2451.4643985884327	108.4850442041774
2487.1217693533167	108.93646154958577
2523.2977885189675	109.32928767186867
2560.0000000000887	109.65264550000067
2597.236057440151	109.8858102363682
2635.0137258074315	110.01945330116145
2673.340883014273	110.02675176868955
2712.225521559891	109.94070924882932
2751.6757501970797	109.75186318517532
2791.699795623158	109.49603121457882
2832.3060041955137	109.18882384870028
2873.502843672097	108.85903157281972
2915.2989049772345	108.52037202798284
2957.7029039931244	108.18591716160246
3000.723683377391	107.86574960920815
3044.370214407075	107.57556593197133
3088.6515988494466	107.31845023137288
3133.57707086003	107.09355294559691
3179.1559989082334	106.90804393752731
3225.3978877309914	106.76043402634973
3272.3123803148205	106.65179902746411
3319.9092599067053	106.58054949323606
3368.198452054235	106.54523572702261
3417.190026675413	106.5422998771304
3466.8942001585724	106.56681760586304
3517.3213374928373	106.60993634486589
3568.4819544295697	106.65972556164779
3620.386719675257	106.70562443182513
3673.0464571162966	106.73260520237929
3726.472148076138	106.73500231095798
3780.6749336052594	106.71611618968298
3835.6661168044484	106.69881725888598
3891.45716518188	106.75143705478159
3948.059713044477	106.8812762242599
4005.4855639240527	107.1869473450567
4063.746693038744	107.60487425756482
4122.855249790247	108.06572772029142
4182.823560297375	108.52528717943
4243.664129966465	108.98468302203835
4305.389646099183	109.44794357626157
4368.012980538242	109.89845763344805
4431.5471923516225	110.26376039271761
4496.00553055582	110.44385582335283
4561.401436878714	110.2551609895683
4627.748548562617	109.68081400805626
4695.060701208099	108.70952045359637
4763.351931659176	107.52047899318012
4832.63648093046	106.24125583316345
4902.928797176889	104.99618245798918
4974.243538706657	103.83808821330577
5046.595577037959	102.84796982156244
5120.000000000202	102.02909842856945
5194.472114880326	101.44193908377939
5270.027451614888	101.1205280227649
5346.6817660285715	101.0692759127781
5424.451043119808	101.29868677124364
5503.351500394186	101.82443787104711
5583.399591246343	102.64777705006142
5664.612008391055	103.74858496019861
5747.005687344222	105.03189891710784
5830.597809954497	106.39964461920302
5915.405807986278	107.65907944708768
6001.447366754812	108.49410517703964
6088.740428814181	108.46237343097836
6177.303197698925	107.75470458282554
6267.154141720092	106.74419829785752
6358.3119978165005	105.70760060723433
6450.795775462017	104.7655197261316
6544.624760629676	103.96711036827054
6639.818519813445	103.32526633082199
6736.396904108505	102.83496181336825
6834.380053350861	102.48627997692911
6933.788400317181	102.27714506676314
7034.642674985712	102.20916643797791
7136.963908859177	102.27441394051452
7240.773439350552	102.48032181707816
7346.092914232631	102.82721887164311
7452.944296152315	103.31521691720118
7561.349867210557	103.96603206867647
7671.332233608935	104.75613654066879
7782.914330363799	105.62142673256346
7896.119426088994	106.42668418261502
8010.971127848146	106.8194581890058
8127.49338607753	106.50113296645085
8245.710499580537	105.50182097194964
8365.647120594791	104.1736848077003
8487.328259932974	102.80529541027026
8610.77929219841	101.39776403949858
8736.025961076528	100.14653799283157
8863.094384703289	99.08533498855853
8992.011061111683	98.18068026019732
9122.802873757471	97.44263973109985
9255.497097125279	96.88447579201669
9390.121402416245	96.49775900707291
9526.7038633184	96.25482770374511
9665.272961860968	96.10991377955003
9805.857594353829	95.97851794960424
9948.487077413367	95.76312986683546
10093.19115407597	95.38753160531454
10240.000000000457	94.88214379999829
10388.944229760706	94.32400496923285
10540.05490322983	93.80528210320054
10693.363532057198	93.35305428003805
10848.902086239672	92.9601814529506
11006.703000788428	92.75858947560471
11166.799182492743	92.78129901317344
11329.224016782166	92.99799999310198
11494.0113746885	93.34142037416217
11661.195619909053	93.82446791747216
11830.811615972614	94.33085657875807
12002.894733509682	94.78069309958842
12177.48085762842	95.0734686718482
12354.606395397908	95.11889314500569
12534.308283440243	95.10886502306148
12716.62399563306	95.120221008441
12901.591550924093	95.15087949740031
13089.249521259411	95.16663686908656
13279.637039626952	95.06840076288726
13472.793808217073	94.83047363491875
13668.760106701786	94.51709895916817
13867.576800634426	94.21774848618993
14069.285349971487	93.98550141626635
14273.927817718419	93.83593437586414
14481.54687870117	93.96103266809509
14692.18582846533	94.36606284844186
14905.888592304698	94.93740068487669
15122.699734421185	94.73295396843415
15342.664467217943	93.37336099747093
15565.828660727671	91.50409622932756
15792.238852178061	90.30215259162779
16021.942255696367	89.8007417729478
16254.986772155136	88.27769854279272
16491.42099916115	87.19198311501202
16731.294241189662	90.10163213330857
16974.65651986603	88.57132695099112
17221.558584396902	89.33994406728553
17472.051922153143	90.07532266005002
17726.188769406665	89.53687235772762
17984.022122223458	88.84474234433615
18245.605747515034	88.72481337343204
18510.99419425065	89.24123960910687
18780.242804832582	89.60567127067691
19053.40772663689	88.13967099268261
19330.545923722028	84.68741209144841
19611.71518870775	80.45235921577331
19896.974154826825	78.343887
20186.382308152035	78.343887